1.0,1.0
0.9805825242718447,1.0
0.9538834951456311,1.0
0.912621359223301,0.9995283018867924
0.883495145631068,0.9995283018867924
0.8713592233009708,0.9995283018867924
0.8470873786407767,0.9995283018867924
0.8131067961165048,0.9995283018867924
0.7985436893203883,0.9995283018867924
0.7815533980582524,0.9995283018867924
0.7548543689320388,0.9990566037735849
0.7330097087378641,0.9990566037735849
0.7135922330097088,0.9990566037735849
0.6868932038834952,0.9985849056603774
0.6529126213592233,0.9985849056603774
0.633495145631068,0.9985849056603774
0.6237864077669902,0.9985849056603774
0.5995145631067961,0.9985849056603774
0.587378640776699,0.9985849056603774
0.5776699029126213,0.9985849056603774
0.5533980582524272,0.9985849056603774
0.5315533980582524,0.9985849056603774
0.5072815533980582,0.9981132075471698
0.4878640776699029,0.9976415094339622
0.47815533980582525,0.9971698113207547
0.4563106796116505,0.9966981132075472
0.441747572815534,0.9962264150943396
0.4223300970873786,0.9962264150943396
0.4029126213592233,0.9962264150943396
0.3932038834951456,0.9962264150943396
0.3907766990291262,0.9962264150943396
0.3786407766990291,0.995754716981132
0.36893203883495146,0.9938679245283019
0.3616504854368932,0.9938679245283019
0.33980582524271846,0.9938679245283019
0.3276699029126214,0.9933962264150943
0.3131067961165049,0.9933962264150943
0.30339805825242716,0.9919811320754717
0.30097087378640774,0.9919811320754717
0.28883495145631066,0.9919811320754717
0.27427184466019416,0.9915094339622641
0.26941747572815533,0.9915094339622641
0.2621359223300971,0.9910377358490566
0.24029126213592233,0.9910377358490566
0.23058252427184467,0.9905660377358491
0.220873786407767,0.9896226415094339
0.2111650485436893,0.9891509433962264
0.20388349514563106,0.9891509433962264
0.19902912621359223,0.9882075471698113
0.18932038834951456,0.9877358490566037
0.1796116504854369,0.9863207547169811
0.1650485436893204,0.9849056603773585
0.1650485436893204,0.9849056603773585
0.16019417475728157,0.9849056603773585
0.1553398058252427,0.9844339622641509
0.1553398058252427,0.9839622641509433
0.14563106796116504,0.9816037735849057
0.1383495145631068,0.9811320754716981
0.13106796116504854,0.980188679245283
0.12378640776699029,0.9792452830188679
0.11407766990291263,0.9773584905660377
0.10436893203883495,0.9764150943396226
0.0970873786407767,0.9759433962264151
0.09223300970873786,0.9754716981132076
0.08737864077669903,0.9754716981132076
0.08737864077669903,0.9745283018867924
0.08495145631067962,0.9721698113207548
0.08495145631067962,0.9693396226415094
0.08495145631067962,0.9669811320754716
0.07766990291262135,0.9650943396226415
0.07524271844660194,0.9641509433962264
0.06796116504854369,0.9632075471698113
0.06067961165048544,0.9594339622641509
0.055825242718446605,0.9570754716981132
0.050970873786407765,0.9551886792452831
0.04611650485436893,0.9523584905660377
0.0412621359223301,0.9485849056603773
0.0412621359223301,0.9457547169811321
0.03640776699029126,0.940566037735849
0.02912621359223301,0.9377358490566038
0.02669902912621359,0.9320754716981132
0.024271844660194174,0.9278301886792453
0.024271844660194174,0.9226415094339623
0.024271844660194174,0.9179245283018868
0.024271844660194174,0.9122641509433962
0.024271844660194174,0.9037735849056604
0.024271844660194174,0.8952830188679245
0.021844660194174758,0.8872641509433963
0.01699029126213592,0.8731132075471698
0.014563106796116505,0.8584905660377359
0.012135922330097087,0.8400943396226415
0.012135922330097087,0.8259433962264151
0.009708737864077669,0.8061320754716981
0.007281553398058253,0.7915094339622641
0.0048543689320388345,0.7632075471698113
0.0048543689320388345,0.7339622641509433
0.0024271844660194173,0.6882075471698114
0.0024271844660194173,0.6358490566037736
0.0,0.5514150943396227
0.0,0.4089622641509434
0.0,0.10754716981132076
